UUID,Player Name
0e99259a-e141-4beb-ac7a-90b822cd3ce7,shhhkun
7346eeae-921c-4443-bdac-385e2fc056ce,Citied
bc328e79-e943-4c56-9115-dac3cd7e62e9,Gatsy
78ed00ce-288a-46fe-8f20-fd8264eb5e98,TheRanger159
af1379c8-2844-4acf-8cf8-9597d338c7e4,redstonepowder
99be1b1e-8416-46e6-8a24-b5c2270b7570,__Martyy
320a8aa1-7865-44c4-9df0-dfa9fba4b1dd,SirSquigglyNut
4944c4ce-88b4-426f-8870-35e6656930c8,Balbabocchers
1da95a37-5575-4226-b0e3-8cc67ba834e5,OvercookedBeef
a10cb75f-7e7f-4b73-bc71-4567fa6f6104,mattdracco7
862d5953-3bfc-4a74-90ed-21390438d6bb,JustRyuo
bf14bcd9-6d0a-46a5-87ad-709ea700a72d,Nthanda
cc93d0cd-5c73-4dde-bb0f-f65902cf9c89,Tannslee
a8d5352a-b3da-436b-bee5-b1ede71e6452,Fish030
83a2983d-cf65-446a-983f-82ae3546e478,EricNGY
a0dd1982-8c7c-4f6b-85dc-06aac40041a6,caffeinic
2716135a-c373-4a5f-8cdc-96af91f90828,Magany
